9001,16-Dec-16,2,1200,walkin,501,1001,4001,10010
9002,16-Dec-16,1,400,online,502,1002,4001,10390
9003,16-Dec-16,2,600,walkin,504,1003,4002,10770
9004,16-Dec-16,4,2400,online,501,1004,4004,11150
9005,16-Dec-16,1,250,walkin,506,1005,4003,11530
9006,16-Dec-16,2,500,online,506,1005,4004,11530
9007,16-Dec-16,3,660,walkin,507,1004,4005,11150
9008,16-Dec-16,4,1600,walkin,502,1003,4005,10770
9009,16-Dec-16,2,598,walkin,509,1002,4006,10390
9010,16-Dec-16,3,1800,online,501,1001,4006,10200
9011,16-Dec-16,1,300,walkin,511,1002,4007,10580
9012,16-Dec-16,3,900,walkin,511,1003,4008,10960
9013,16-Dec-16,2,1200,walkin,501,1004,4001,11340
9014,16-Dec-16,1,200,online,514,1001,4002,10200
9015,16-Dec-16,4,800,walkin,514,1005,4003,11720
9016,16-Dec-16,2,200,online,516,1003,4009,10960
9017,16-Dec-16,3,1095,online,513,1004,4010,11340
9018,16-Dec-16,1,365,walkin,518,1005,4010,11720
9019,16-Dec-16,2,800,walkin,519,1001,4011,10200
9020,16-Dec-16,4,1200,online,520,1002,4008,10580
9021,17-Dec-16,5,3500,walkin,521,1001,4012,10010
9022,17-Dec-16,3,1095,online,513,1002,4013,10390
9023,17-Dec-16,2,550,walkin,523,1003,4011,10770
9024,17-Dec-16,1,320,walkin,524,1004,4005,11150
9025,17-Dec-16,2,800,online,525,1005,4014,11530
9026,17-Dec-16,3,900,online,520,1005,4015,11530
9027,17-Dec-16,1,300,walkin,520,1004,4014,11150
9028,17-Dec-16,3,1200,walkin,525,1003,4015,10770
9029,17-Dec-16,4,1200,walkin,520,1002,4016,10390
9030,17-Dec-16,2,1400,online,521,1001,4017,10200
9031,17-Dec-16,1,300,walkin,520,1002,4018,10580
9032,17-Dec-16,3,900,walkin,520,1003,4019,10960
9033,17-Dec-16,1,100,online,516,1004,4020,11340
9034,17-Dec-16,3,960,walkin,515,1001,4021,10200
9035,17-Dec-16,4,1100,walkin,510,1005,4022,11720
9036,17-Dec-16,5,1500,online,511,1003,4023,10960
9037,17-Dec-16,1,299,walkin,509,1004,4024,11340
9038,17-Dec-16,2,800,walkin,525,1005,4025,11720
9039,17-Dec-16,5,1000,online,514,1001,4026,10200
9040,17-Dec-16,1,275,walkin,523,1002,4027,10580
9041,18-Dec-16,3,1800,walkin,501,1001,4028,10010
9042,18-Dec-16,2,800,online,502,1002,4029,10390
9043,18-Dec-16,5,1500,walkin,504,1003,4030,10770
9044,18-Dec-16,1,600,online,501,1004,4012,11150
9045,18-Dec-16,4,1000,walkin,506,1005,4013,11530
9046,18-Dec-16,2,500,online,506,1005,4011,11530
9047,18-Dec-16,3,660,walkin,507,1004,4005,11150
9048,18-Dec-16,3,1200,walkin,502,1003,4014,10770
9049,18-Dec-16,4,1196,walkin,509,1002,4015,10390
9050,18-Dec-16,4,2400,online,501,1001,4014,10200
9051,18-Dec-16,1,300,walkin,511,1002,4015,10390
9052,18-Dec-16,2,600,walkin,511,1003,4016,10770
9053,18-Dec-16,5,3000,walkin,501,1004,4017,11150
9054,18-Dec-16,4,800,online,514,1001,4018,10010
9055,18-Dec-16,6,1200,walkin,514,1005,4019,11530
9056,18-Dec-16,3,300,online,516,1003,4020,10770
9057,18-Dec-16,1,365,online,513,1004,4021,11340
9058,18-Dec-16,4,1460,walkin,518,1005,4022,11720
9059,18-Dec-16,5,2000,walkin,519,1001,4023,10200
9060,18-Dec-16,2,600,online,520,1002,4024,10580
9061,19-Dec-16,4,2800,walkin,521,1001,4025,10200
9062,19-Dec-16,3,1095,online,513,1002,4026,10580
9063,19-Dec-16,6,1650,walkin,523,1003,4027,10960
9064,19-Dec-16,2,640,walkin,524,1004,4028,11340
9065,19-Dec-16,1,400,walkin,525,1005,4029,11720
9066,19-Dec-16,4,1200,walkin,520,1005,4028,11720
9067,19-Dec-16,5,1500,online,520,1004,4030,11340
9068,19-Dec-16,2,800,walkin,525,1003,4031,10770
9069,19-Dec-16,1,300,online,520,1002,4032,10390
9070,19-Dec-16,4,2800,online,521,1001,4033,10010
9071,19-Dec-16,5,1500,walkin,520,1002,4034,10390
9072,19-Dec-16,2,600,walkin,520,1003,4035,10770
9073,19-Dec-16,3,300,online,516,1004,4036,11150
9074,19-Dec-16,5,1600,walkin,515,1001,4037,10010
9075,19-Dec-16,2,550,online,510,1005,4038,11530
9076,19-Dec-16,1,300,walkin,511,1003,4039,10770
9077,19-Dec-16,4,880,walkin,507,1004,4040,11340
9078,19-Dec-16,6,2400,online,502,1005,4041,11720
9079,19-Dec-16,3,897,online,509,1001,4042,10200
9080,19-Dec-16,2,1200,walkin,501,1002,4043,10580
9081,20-Dec-16,5,1500,walkin,511,1001,4044,10200
9082,20-Dec-16,1,300,walkin,511,1002,4045,10580
9083,20-Dec-16,2,1200,online,501,1003,4046,10960
9084,20-Dec-16,3,600,walkin,514,1004,4047,11340
9085,20-Dec-16,4,800,walkin,514,1005,4048,11720
9086,20-Dec-16,5,500,online,516,1005,4049,11720
9087,20-Dec-16,6,2190,walkin,513,1004,4050,11340
9088,20-Dec-16,3,1095,walkin,518,1003,4051,10770
9089,20-Dec-16,2,800,online,519,1002,4001,10390
9090,20-Dec-16,1,300,walkin,520,1001,4002,10010
9091,20-Dec-16,4,2800,walkin,521,1002,4010,10390
9092,20-Dec-16,5,1825,online,513,1003,4018,10770
9093,20-Dec-16,2,550,walkin,523,1004,4052,11150
9094,20-Dec-16,3,960,walkin,524,1001,4053,10010
9095,20-Dec-16,6,2400,online,525,1005,4054,11530
9096,20-Dec-16,2,600,walkin,520,1003,4055,10770
9097,20-Dec-16,5,1500,online,520,1004,4056,11340
9098,20-Dec-16,5,2000,walkin,525,1005,4057,11720
9099,20-Dec-16,5,1500,online,520,1001,4058,10200
9100,20-Dec-16,5,3500,walkin,521,1002,4059,10580
9101,21-Dec-16,2,600,walkin,520,1001,4060,10200
9102,21-Dec-16,3,900,walkin,520,1002,4061,10580
9103,21-Dec-16,1,100,online,516,1003,4062,10960
9104,21-Dec-16,4,1280,walkin,515,1004,4063,11340
9105,21-Dec-16,5,1375,walkin,510,1005,4064,11720
9106,21-Dec-16,6,1800,online,511,1005,4065,11720
9107,21-Dec-16,5,1495,walkin,509,1004,4066,11340
9108,21-Dec-16,2,800,walkin,525,1003,4015,10960
9109,21-Dec-16,1,200,online,514,1002,4016,10580
9110,21-Dec-16,4,1100,walkin,523,1001,4017,10200
9111,21-Dec-16,2,400,walkin,514,1002,4018,10580
9112,21-Dec-16,1,100,online,516,1003,4019,10960
9113,21-Dec-16,2,730,walkin,513,1004,4020,11150
9114,21-Dec-16,3,1095,walkin,518,1001,4021,10010
9115,21-Dec-16,2,800,online,519,1005,4022,11530
9116,21-Dec-16,1,300,walkin,520,1003,4023,10770
9117,21-Dec-16,4,2800,online,521,1004,4024,11150
9118,21-Dec-16,2,730,walkin,513,1005,4025,11530
9119,21-Dec-16,1,275,online,523,1001,4026,10010
9120,21-Dec-16,4,1280,walkin,524,1002,4027,10390
9121,22-Dec-16,1,400,walkin,525,1001,4028,10010
9122,22-Dec-16,2,600,walkin,520,1002,4067,10580
9123,22-Dec-16,4,1200,walkin,520,1003,4068,10960
9124,22-Dec-16,1,400,online,525,1004,4069,11340
9125,22-Dec-16,2,600,walkin,520,1005,4070,11720
9126,22-Dec-16,5,3500,online,521,1005,4071,11720
9127,22-Dec-16,3,900,walkin,520,1004,4072,11340
9128,22-Dec-16,2,600,walkin,520,1003,4073,10960
9129,22-Dec-16,1,100,walkin,516,1002,4074,10580
9130,22-Dec-16,4,1280,online,515,1001,4075,10200
9131,22-Dec-16,3,825,walkin,510,1002,4076,10580
9132,22-Dec-16,2,600,walkin,511,1003,4077,10960
9133,22-Dec-16,4,880,online,507,1004,4078,11150
9134,22-Dec-16,5,2000,walkin,502,1001,4079,10010
9135,22-Dec-16,4,1196,walkin,509,1005,4080,11530
9136,22-Dec-16,1,600,online,501,1003,4081,10770
9137,22-Dec-16,2,600,walkin,511,1004,4082,11150
9138,22-Dec-16,5,1500,walkin,511,1005,4083,11530
9139,22-Dec-16,2,1200,online,501,1001,4084,10010
9140,22-Dec-16,3,600,walkin,514,1002,4085,10390
9141,23-Dec-16,6,1200,walkin,514,1001,4003,10010
9142,23-Dec-16,2,200,online,516,1002,4004,10580
9143,23-Dec-16,5,1825,walkin,513,1003,4005,10960
9144,23-Dec-16,2,730,online,518,1004,4005,11340
9145,23-Dec-16,1,400,walkin,519,1005,4006,11530
9146,23-Dec-16,4,1200,walkin,520,1005,4006,11530
9147,23-Dec-16,2,1400,walkin,521,1004,4007,11340
9148,23-Dec-16,2,730,walkin,513,1003,4008,10770
9149,23-Dec-16,1,275,online,523,1002,4001,10390
9150,23-Dec-16,1,320,walkin,524,1001,4002,10010
9151,23-Dec-16,3,1200,walkin,525,1002,4003,10390
9152,23-Dec-16,2,600,online,520,1003,4009,10770
9153,23-Dec-16,4,1200,walkin,520,1004,4010,11150
9154,23-Dec-16,2,800,walkin,525,1001,4010,10200
9155,23-Dec-16,3,900,online,520,1005,4011,11720
9156,23-Dec-16,4,1460,walkin,518,1003,4008,10960
9157,23-Dec-16,1,400,walkin,519,1004,4012,11340
9158,23-Dec-16,2,600,online,520,1005,4013,11720
9159,23-Dec-16,5,3500,walkin,521,1001,4011,10200
9160,23-Dec-16,2,730,walkin,513,1002,4005,10580
9161,24-Dec-16,3,825,online,523,1001,4014,10200
9162,24-Dec-16,6,1920,walkin,524,1002,4015,10580
9163,24-Dec-16,2,800,online,525,1003,4086,10960
9164,24-Dec-16,5,1500,walkin,520,1004,4087,11340
9165,24-Dec-16,2,600,walkin,520,1005,4088,11530
9166,24-Dec-16,1,400,online,525,1005,4089,11530
9167,24-Dec-16,5,1500,walkin,520,1004,4090,11150
9168,24-Dec-16,2,1400,online,521,1003,4091,10770
9169,24-Dec-16,4,1200,walkin,520,1002,4092,10390
9170,24-Dec-16,1,300,online,520,1001,4093,10010
9171,24-Dec-16,2,200,walkin,516,1002,4094,10390
9172,24-Dec-16,5,1600,walkin,515,1003,4095,10770
9173,24-Dec-16,2,550,walkin,510,1004,4096,11150
9174,24-Dec-16,3,900,walkin,511,1001,4097,10200
9175,24-Dec-16,6,1794,online,509,1005,4098,11720
9176,24-Dec-16,2,800,walkin,525,1003,4099,10960
9177,24-Dec-16,5,1000,online,514,1004,4100,11340
9178,24-Dec-16,2,550,walkin,523,1005,4101,11720
9179,24-Dec-16,1,600,walkin,501,1001,4102,10200
9180,24-Dec-16,4,1600,walkin,502,1002,4103,10580
9181,25-Dec-16,2,600,online,504,1001,4104,10200
9182,25-Dec-16,1,600,walkin,501,1002,4105,10580
9183,25-Dec-16,4,1000,walkin,506,1003,4106,10960
9184,25-Dec-16,2,500,online,506,1004,4007,11340
9185,25-Dec-16,1,220,walkin,507,1005,4008,11530
9186,25-Dec-16,5,2000,walkin,502,1005,4001,11530
9187,25-Dec-16,2,598,online,509,1004,4002,11150
9188,25-Dec-16,3,1800,walkin,501,1003,4003,10770
9189,25-Dec-16,5,1500,walkin,511,1002,4009,10390
9190,25-Dec-16,2,600,online,511,1001,4010,10010
9191,25-Dec-16,6,3600,walkin,501,1002,4010,10390
9192,25-Dec-16,2,400,walkin,514,1003,4011,10770
9193,25-Dec-16,1,200,online,514,1004,4008,11150
9194,25-Dec-16,4,400,walkin,516,1001,4012,10200
9195,25-Dec-16,2,730,online,513,1005,4013,11720
9196,25-Dec-16,5,1825,walkin,518,1003,4011,10960
9197,25-Dec-16,1,400,walkin,519,1004,4005,11340
9198,25-Dec-16,2,600,walkin,520,1005,4014,11720
9199,25-Dec-16,5,3500,walkin,521,1001,4015,10200
9200,25-Dec-16,5,1825,online,518,1002,4086,10580
9201,26-Dec-16,2,800,walkin,519,1001,4087,10200
9202,26-Dec-16,2,600,walkin,520,1002,4088,10580
9203,26-Dec-16,1,700,online,521,1003,4089,10960
9204,26-Dec-16,4,1460,walkin,513,1004,4090,11340
9205,26-Dec-16,1,275,walkin,523,1005,4091,11720
9206,26-Dec-16,2,640,online,524,1005,4092,11530
9207,26-Dec-16,5,2000,walkin,525,1004,4093,11150
9208,26-Dec-16,3,900,walkin,520,1003,4094,10770
9209,26-Dec-16,2,600,online,520,1002,4095,10390
9210,26-Dec-16,5,2000,walkin,525,1001,4107,10010
9211,26-Dec-16,1,300,walkin,520,1002,4108,10390
9212,26-Dec-16,4,2800,online,521,1003,4109,10770
9213,26-Dec-16,2,600,walkin,520,1004,4110,11340
9214,26-Dec-16,5,1500,walkin,520,1001,4111,10200
9215,26-Dec-16,2,200,walkin,516,1005,4112,11720
9216,26-Dec-16,3,960,online,515,1003,4113,10960
9217,26-Dec-16,5,1375,walkin,510,1004,4114,11340
9218,26-Dec-16,2,600,online,511,1005,4115,11720
9219,26-Dec-16,1,220,walkin,507,1001,4116,10200
9220,26-Dec-16,3,1200,walkin,502,1002,4117,10580
9221,27-Dec-16,2,598,walkin,509,1001,4118,10200
9222,27-Dec-16,6,3600,walkin,501,1002,4119,10580
9223,27-Dec-16,2,600,online,511,1003,4120,10960
9224,27-Dec-16,1,300,walkin,511,1004,4121,11150
9225,27-Dec-16,3,1800,walkin,501,1005,4122,11530
9226,27-Dec-16,2,400,online,514,1005,4123,11530
9227,27-Dec-16,4,800,walkin,514,1004,4124,11150
9228,27-Dec-16,1,100,walkin,516,1003,4125,10770
9229,27-Dec-16,2,730,online,513,1002,4126,10390
9230,27-Dec-16,5,1825,walkin,518,1001,4075,10010
9231,27-Dec-16,3,1200,walkin,519,1002,4076,10390
9232,27-Dec-16,4,1200,online,520,1003,4077,10770
9233,27-Dec-16,2,1400,walkin,521,1004,4078,11340
9234,27-Dec-16,2,730,walkin,513,1001,4079,10200
9235,27-Dec-16,2,550,online,523,1005,4080,11720
9236,27-Dec-16,1,320,walkin,524,1003,4081,10960
9237,27-Dec-16,2,800,online,525,1004,4082,11340
9238,27-Dec-16,2,600,walkin,520,1005,4083,11720
9239,27-Dec-16,1,300,walkin,520,1001,4084,10200
9240,27-Dec-16,2,800,walkin,525,1002,4085,10580
9241,28-Dec-16,3,900,walkin,520,1001,4003,10200
9242,28-Dec-16,2,730,online,518,1002,4004,10580
9243,28-Dec-16,2,800,walkin,519,1003,4005,10960
9244,28-Dec-16,3,900,walkin,520,1004,4005,11340
9245,28-Dec-16,4,2800,online,521,1005,4006,11720
9246,28-Dec-16,3,1095,walkin,513,1005,4006,11720
9247,28-Dec-16,1,275,walkin,523,1004,4007,11340
9248,28-Dec-16,2,640,online,524,1003,4008,10960
9249,28-Dec-16,4,1600,walkin,525,1002,4127,10390
9250,28-Dec-16,1,300,walkin,520,1001,4128,10010
9251,28-Dec-16,2,600,online,520,1002,4129,10390
9252,28-Dec-16,5,2000,walkin,525,1003,4130,10770
9253,28-Dec-16,1,300,walkin,520,1004,4131,11150
9254,28-Dec-16,2,1400,online,521,1001,4132,10010
9255,28-Dec-16,3,900,walkin,520,1005,4133,11530
9256,28-Dec-16,2,600,walkin,520,1003,4134,10770
9257,28-Dec-16,5,500,walkin,516,1004,4135,11150
9258,28-Dec-16,2,640,online,515,1005,4136,11720
9259,28-Dec-16,3,825,walkin,510,1001,4137,10200
9260,28-Dec-16,2,600,online,511,1002,4138,10580
9261,29-Dec-16,5,1495,walkin,509,1001,4139,10200
9262,29-Dec-16,2,800,walkin,525,1002,4140,10580
9263,29-Dec-16,3,600,walkin,514,1003,4141,10960
9264,29-Dec-16,6,1650,walkin,523,1004,4142,11340
9265,29-Dec-16,2,1200,online,501,1005,4143,11720
9266,29-Dec-16,1,400,walkin,502,1005,4144,11720
9267,29-Dec-16,4,1200,walkin,504,1004,4145,11340
9268,29-Dec-16,2,1200,online,501,1003,4146,10960
9269,29-Dec-16,1,250,walkin,506,1002,4059,10390
9270,29-Dec-16,4,1000,walkin,506,1001,4060,10010
9271,29-Dec-16,2,440,online,507,1002,4061,10390
9272,29-Dec-16,1,400,walkin,502,1003,4062,10770
9273,29-Dec-16,4,1196,walkin,509,1004,4063,11150
9274,29-Dec-16,2,1200,online,501,1001,4064,10010
9275,29-Dec-16,1,300,walkin,511,1005,4065,11530
9276,29-Dec-16,5,1500,online,511,1003,4066,10770
9277,29-Dec-16,2,1200,walkin,501,1004,4015,11150
9278,29-Dec-16,1,200,online,514,1005,4016,11720
9279,29-Dec-16,2,400,walkin,514,1001,4017,10200
9280,29-Dec-16,3,300,walkin,516,1002,4018,10580
9281,30-Dec-16,2,730,online,513,1001,4019,10010
9282,30-Dec-16,1,365,online,518,1002,4020,10390
9283,30-Dec-16,4,1600,walkin,519,1003,4021,10960
9284,30-Dec-16,1,300,walkin,520,1004,4022,11150
9285,30-Dec-16,2,1400,walkin,521,1005,4023,11530
9286,30-Dec-16,5,1825,online,518,1005,4024,11530
9287,30-Dec-16,2,800,walkin,519,1004,4025,11150
9288,30-Dec-16,1,300,walkin,520,1003,4026,10770
9289,30-Dec-16,4,2800,online,521,1002,4027,10390
9290,30-Dec-16,2,730,walkin,513,1001,4028,10200
9291,30-Dec-16,1,275,walkin,523,1002,4067,10580
9292,30-Dec-16,5,1600,online,524,1003,4068,10960
9293,30-Dec-16,2,400,walkin,514,1004,4069,11340
9294,30-Dec-16,3,600,walkin,514,1001,4070,10200
9295,30-Dec-16,2,200,online,516,1005,4071,11720
9296,30-Dec-16,5,1825,walkin,513,1003,4072,10960
9297,30-Dec-16,2,730,walkin,518,1004,4073,11340
9298,30-Dec-16,3,1200,online,519,1005,4074,11720
9299,30-Dec-16,2,600,walkin,520,1001,4075,10200
9300,30-Dec-16,5,3500,online,521,1002,4076,10580
9301,31-Dec-16,2,730,walkin,518,1001,4147,10010
9302,31-Dec-16,3,1200,online,519,1002,4148,10390
9303,31-Dec-16,2,600,walkin,520,1003,4149,10770
9304,31-Dec-16,5,3500,walkin,521,1004,4150,11150
9305,31-Dec-16,2,730,walkin,513,1005,4151,11530
9306,31-Dec-16,3,825,online,523,1005,4152,11530
9307,31-Dec-16,2,640,walkin,524,1004,4153,11150
9308,31-Dec-16,1,400,walkin,525,1003,4154,10770
9309,31-Dec-16,4,1200,walkin,520,1002,4155,10390
9310,31-Dec-16,2,600,online,520,1001,4156,10200
9311,31-Dec-16,1,400,walkin,525,1002,4157,10580
9312,31-Dec-16,5,1500,online,520,1003,4158,10960
9313,31-Dec-16,2,1400,online,521,1004,4159,11340
9314,31-Dec-16,3,900,walkin,520,1001,4160,10200
9315,31-Dec-16,2,600,walkin,520,1005,4161,11720
9316,31-Dec-16,5,500,online,516,1003,4162,10960
9317,31-Dec-16,3,960,walkin,515,1004,4163,11340
9318,31-Dec-16,2,550,online,510,1005,4164,11720
9319,31-Dec-16,2,600,walkin,511,1001,4165,10200
9320,31-Dec-16,1,220,walkin,507,1002,4166,10390
9321,1-Jan-17,4,1600,walkin,502,1001,4025,10010
9322,1-Jan-17,2,800,walkin,525,1002,4026,10390
9323,1-Jan-17,1,300,online,520,1003,4027,10770
9324,1-Jan-17,5,3500,walkin,521,1004,4028,11150
9325,1-Jan-17,2,600,online,520,1005,4067,11720
9326,1-Jan-17,3,900,online,520,1005,4068,11720
9327,1-Jan-17,2,200,walkin,516,1004,4069,11340
9328,1-Jan-17,5,1600,walkin,515,1003,4070,10960
9329,1-Jan-17,2,550,online,510,1002,4071,10580
9330,1-Jan-17,3,900,walkin,511,1001,4072,10200
9331,1-Jan-17,2,440,online,507,1002,4073,10580
9332,1-Jan-17,2,800,walkin,502,1003,4074,10960
9333,1-Jan-17,2,598,walkin,509,1004,4075,11340
9334,1-Jan-17,4,2400,online,501,1001,4076,10200
9335,1-Jan-17,3,900,online,511,1005,4147,11720
9336,1-Jan-17,2,600,walkin,511,1003,4148,10770
9337,1-Jan-17,1,600,walkin,501,1004,4149,11150
9338,1-Jan-17,4,800,walkin,514,1005,4150,11530
9339,1-Jan-17,2,400,online,514,1001,4151,10010
9340,1-Jan-17,5,500,walkin,516,1002,4152,10390
9341,2-Jan-17,2,730,online,513,1001,4153,10010
9342,2-Jan-17,6,2190,walkin,518,1002,4154,10390
9343,2-Jan-17,3,1200,walkin,519,1003,4155,10770
9344,2-Jan-17,2,600,walkin,520,1004,4156,11150
9345,2-Jan-17,5,3500,walkin,521,1005,4157,11720
9346,2-Jan-17,2,730,online,513,1005,4158,11720
9347,2-Jan-17,1,275,walkin,523,1004,4159,11340
9348,2-Jan-17,4,1280,walkin,524,1003,4167,10960
9349,2-Jan-17,1,400,online,525,1002,4168,10580
9350,2-Jan-17,2,640,walkin,515,1001,4169,10200
9351,2-Jan-17,1,275,walkin,510,1002,4170,10580
9352,2-Jan-17,4,1200,online,511,1003,4171,10960
9353,2-Jan-17,2,598,walkin,509,1004,4172,11340
9354,2-Jan-17,1,400,walkin,525,1001,4173,10200
9355,2-Jan-17,5,1000,online,514,1005,4174,11720
9356,2-Jan-17,2,550,walkin,523,1003,4175,10770
9357,2-Jan-17,3,1800,walkin,501,1004,4176,11150
9358,2-Jan-17,2,800,online,502,1005,4177,11530
9359,2-Jan-17,3,900,walkin,504,1001,4178,10010
9360,2-Jan-17,2,1200,walkin,501,1002,4179,10390
9361,3-Jan-17,3,750,walkin,506,1001,4180,10010
9362,3-Jan-17,2,500,online,506,1002,4181,10390
9363,3-Jan-17,5,1100,walkin,507,1003,4182,10770
9364,3-Jan-17,6,2400,online,502,1004,4183,11150
9365,3-Jan-17,2,598,walkin,509,1005,4184,11720
9366,3-Jan-17,2,1200,walkin,501,1005,4185,11530
9367,3-Jan-17,1,300,walkin,511,1004,4186,11150
9368,3-Jan-17,4,1200,walkin,511,1003,4165,10770
9369,3-Jan-17,2,1200,online,501,1002,4166,10390
9370,3-Jan-17,1,200,walkin,514,1001,4025,10010
9371,3-Jan-17,5,1000,walkin,514,1002,4026,10390
9372,3-Jan-17,2,200,online,516,1003,4027,10960
9373,3-Jan-17,3,1095,walkin,513,1004,4028,11340
9374,3-Jan-17,2,730,walkin,518,1001,4067,10200
9375,3-Jan-17,5,2000,online,519,1005,4068,11720
9376,3-Jan-17,2,800,walkin,502,1003,4069,10960
9377,3-Jan-17,3,1200,walkin,525,1004,4070,11340
9378,3-Jan-17,2,600,online,520,1005,4071,11720
9379,3-Jan-17,2,1400,walkin,521,1001,4072,10200
9380,3-Jan-17,2,600,online,520,1002,4073,10580
9381,4-Jan-17,4,1200,walkin,520,1001,4074,10200
9382,4-Jan-17,3,300,online,516,1002,4075,10580
9383,4-Jan-17,1,320,walkin,515,1003,4076,10770
9384,4-Jan-17,5,1375,walkin,510,1004,4147,11150
9385,4-Jan-17,2,600,online,511,1005,4148,11530
9386,4-Jan-17,1,220,online,507,1005,4149,11530
9387,4-Jan-17,2,800,walkin,502,1004,4150,11150
9388,4-Jan-17,3,897,walkin,509,1003,4151,10770
9389,4-Jan-17,2,1200,walkin,501,1002,4152,10390
9390,4-Jan-17,1,300,online,511,1001,4153,10010
9391,4-Jan-17,4,1200,walkin,511,1002,4154,10390
9392,4-Jan-17,1,600,walkin,501,1003,4187,10960
9393,4-Jan-17,2,400,online,514,1004,4188,11340
9394,4-Jan-17,5,1000,walkin,514,1001,4189,10200
9395,4-Jan-17,2,200,walkin,516,1005,4190,11720
9396,4-Jan-17,1,365,online,513,1003,4191,10960
9397,4-Jan-17,4,1460,walkin,518,1004,4192,11340
9398,4-Jan-17,2,800,walkin,519,1005,4193,11720
9399,4-Jan-17,1,300,online,520,1001,4194,10200
9400,4-Jan-17,5,3500,walkin,521,1002,4195,10580
9401,5-Jan-17,2,730,walkin,513,1001,4196,10200
9402,5-Jan-17,3,825,online,523,1002,4197,10580
9403,5-Jan-17,2,640,walkin,524,1003,4198,10770
9404,5-Jan-17,5,2000,online,525,1004,4199,11150
9405,5-Jan-17,2,640,walkin,515,1005,4200,11530
9406,5-Jan-17,3,825,online,510,1005,4148,11530
9407,5-Jan-17,2,600,walkin,511,1004,4149,11150
9408,5-Jan-17,5,1500,walkin,520,1003,4150,10770
9409,5-Jan-17,2,1400,walkin,521,1002,4151,10390
9410,5-Jan-17,3,1095,online,513,1001,4152,10010
9411,5-Jan-17,2,550,walkin,523,1002,4153,10390
9412,5-Jan-17,3,960,walkin,524,1003,4154,10960
9413,5-Jan-17,2,400,walkin,514,1004,4187,11340
9414,5-Jan-17,5,1000,online,514,1001,4188,10200
9415,5-Jan-17,3,300,walkin,516,1005,4189,11720
9416,5-Jan-17,2,730,online,513,1003,4011,10960
9417,5-Jan-17,2,730,online,518,1004,4005,11340
9418,5-Jan-17,1,400,walkin,519,1005,4014,11720
9419,5-Jan-17,4,1200,walkin,520,1001,4015,10200
9420,5-Jan-17,2,1400,online,521,1002,4014,10580
9421,6-Jan-17,1,365,walkin,518,1001,4015,10200
9422,6-Jan-17,5,2000,online,519,1002,4016,10580
9423,6-Jan-17,2,600,walkin,520,1003,4017,10960
9424,6-Jan-17,3,2100,walkin,521,1004,4018,11340
9425,6-Jan-17,2,730,walkin,513,1005,4019,11720
9426,6-Jan-17,5,1375,walkin,523,1005,4020,11720
9427,6-Jan-17,2,640,online,524,1004,4021,11340
9428,6-Jan-17,3,1200,walkin,525,1003,4022,10770
9429,6-Jan-17,2,600,online,520,1002,4023,10390
9430,6-Jan-17,2,600,online,520,1001,4024,10010
9431,6-Jan-17,2,800,walkin,525,1002,4025,10390
9432,6-Jan-17,4,1200,walkin,520,1003,4026,10770
9433,6-Jan-17,3,2100,online,521,1004,4027,11150
9434,6-Jan-17,2,600,walkin,520,1001,4028,10010
9435,6-Jan-17,1,300,online,520,1005,4029,11530
9436,6-Jan-17,4,400,walkin,516,1003,4030,10770
9437,6-Jan-17,4,1280,walkin,515,1004,4012,11340
9438,6-Jan-17,3,825,online,510,1005,4013,11720
9439,6-Jan-17,1,300,online,511,1001,4011,10200
9440,6-Jan-17,5,1100,walkin,507,1002,4005,10580
9441,7-Jan-17,2,800,walkin,502,1001,4014,10200
9442,7-Jan-17,1,400,walkin,525,1002,4015,10580
9443,7-Jan-17,2,600,online,520,1003,4014,10960
9444,7-Jan-17,3,2100,walkin,521,1004,4185,11340
9445,7-Jan-17,2,600,walkin,520,1005,4186,11720
9446,7-Jan-17,1,300,online,520,1005,4165,11720
9447,7-Jan-17,4,400,walkin,516,1004,4166,11340
9448,7-Jan-17,1,320,online,515,1003,4025,10770
9449,7-Jan-17,2,550,walkin,510,1002,4026,10390
9450,7-Jan-17,5,1500,online,511,1001,4027,10010
9451,7-Jan-17,2,440,walkin,507,1002,4028,10390
9452,7-Jan-17,1,300,walkin,520,1003,4067,10770
9453,7-Jan-17,4,400,online,516,1004,4068,11150
9454,7-Jan-17,2,640,online,515,1001,4069,10010
9455,7-Jan-17,1,275,walkin,510,1005,4070,11530
9456,7-Jan-17,5,1500,walkin,511,1003,4071,10770
9457,7-Jan-17,2,440,walkin,507,1004,4072,11340
9458,7-Jan-17,3,1200,online,502,1005,4073,11720
9459,7-Jan-17,2,800,walkin,525,1001,4074,10200
9460,7-Jan-17,5,1500,walkin,520,1002,4075,10390
9461,8-Jan-17,2,1400,online,521,1001,4076,10010
9462,8-Jan-17,3,900,walkin,520,1002,4147,10580
9463,8-Jan-17,2,600,walkin,520,1003,4148,10770
9464,8-Jan-17,5,500,online,516,1004,4149,11150
9465,8-Jan-17,2,640,walkin,515,1005,4150,11720
9466,8-Jan-17,3,825,walkin,510,1005,4151,11720
9467,8-Jan-17,2,600,online,511,1004,4152,11340
9468,8-Jan-17,3,660,walkin,507,1003,4153,10960
9469,8-Jan-17,2,800,walkin,502,1002,4154,10580
9470,8-Jan-17,5,1495,online,509,1001,4187,10200
9471,8-Jan-17,3,1800,walkin,501,1002,4188,10580
9472,8-Jan-17,2,600,online,511,1003,4189,10960
9473,8-Jan-17,2,600,walkin,511,1004,4190,11340
9474,8-Jan-17,1,600,online,501,1001,4191,10200
9475,8-Jan-17,2,400,walkin,514,1005,4192,11720
9476,8-Jan-17,1,200,walkin,514,1003,4193,10770
9477,8-Jan-17,4,400,walkin,516,1004,4194,11150
9478,8-Jan-17,2,730,online,513,1005,4195,11530
9479,8-Jan-17,1,365,walkin,518,1001,4196,10010
9480,8-Jan-17,5,3000,walkin,501,1002,4197,10390
9481,9-Jan-17,2,800,walkin,502,1001,4198,10010
9482,9-Jan-17,3,900,online,504,1002,4199,10390
9483,9-Jan-17,2,1200,walkin,501,1003,4200,10770
9484,9-Jan-17,5,1250,online,506,1004,4148,11150
9485,9-Jan-17,2,500,online,506,1005,4149,11720
9486,9-Jan-17,3,660,walkin,507,1005,4150,11720
9487,9-Jan-17,2,800,walkin,502,1004,4151,11340
9488,9-Jan-17,2,598,online,509,1003,4152,10960
9489,9-Jan-17,2,1200,walkin,501,1002,4153,10580
9490,9-Jan-17,4,1200,online,511,1001,4154,10200
9491,9-Jan-17,3,900,walkin,511,1002,4187,10580
9492,9-Jan-17,2,1200,walkin,501,1003,4188,10960
9493,9-Jan-17,1,200,walkin,514,1004,4189,11340
9494,9-Jan-17,4,800,walkin,514,1001,4011,10200
9495,9-Jan-17,2,200,online,516,1005,4005,11720
9496,9-Jan-17,5,1825,walkin,513,1003,4014,10960
9497,9-Jan-17,2,730,online,518,1004,4015,11340
9498,9-Jan-17,6,2400,online,519,1005,4068,11720
9499,9-Jan-17,3,900,walkin,520,1001,4069,10200
9500,9-Jan-17,2,1400,walkin,521,1002,4070,10580
9501,10-Jan-17,5,1825,online,513,1001,4071,10010
9502,10-Jan-17,2,550,walkin,523,1002,4072,10390
9503,10-Jan-17,1,320,online,524,1003,4073,10770
9504,10-Jan-17,2,800,walkin,525,1004,4074,11150
9505,10-Jan-17,3,900,walkin,520,1005,4075,11530
9506,10-Jan-17,2,600,online,520,1005,4076,11530
9507,10-Jan-17,5,2000,online,525,1004,4147,11150
9508,10-Jan-17,2,600,walkin,520,1003,4148,10770
9509,10-Jan-17,3,2100,walkin,521,1002,4149,10390
9510,10-Jan-17,2,600,walkin,520,1001,4150,10200
9511,10-Jan-17,5,1500,walkin,520,1002,4151,10580
9512,10-Jan-17,2,200,online,516,1003,4152,10960
9513,10-Jan-17,3,960,walkin,515,1004,4153,11340
9514,10-Jan-17,6,1650,walkin,510,1001,4154,10200
9515,10-Jan-17,2,600,walkin,511,1005,4155,11720
9516,10-Jan-17,1,299,walkin,509,1003,4156,10960
9517,10-Jan-17,4,1600,online,525,1004,4157,11340
9518,10-Jan-17,2,400,walkin,514,1005,4158,11720
9519,10-Jan-17,1,275,walkin,523,1001,4159,10200
9520,10-Jan-17,4,2400,online,501,1002,4167,10580
9521,11-Jan-17,2,800,walkin,502,1001,4168,10010
9522,11-Jan-17,1,300,walkin,504,1002,4169,10390
9523,11-Jan-17,4,2400,online,501,1003,4170,10770
9524,11-Jan-17,2,500,walkin,506,1004,4171,11150
9525,11-Jan-17,1,250,walkin,506,1005,4172,11530
9526,11-Jan-17,5,1100,online,507,1005,4173,11530
9527,11-Jan-17,2,800,walkin,502,1004,4174,11150
9528,11-Jan-17,1,299,walkin,509,1003,4175,10770
9529,11-Jan-17,2,1200,online,501,1002,4176,10390
9530,11-Jan-17,3,900,walkin,511,1001,4177,10200
9531,11-Jan-17,2,600,walkin,511,1002,4178,10580
9532,11-Jan-17,2,1200,walkin,501,1003,4179,10960
9533,11-Jan-17,1,200,online,514,1004,4180,11150
9534,11-Jan-17,4,800,walkin,514,1001,4181,10010
9535,11-Jan-17,2,200,online,516,1005,4182,11720
9536,11-Jan-17,1,365,walkin,513,1003,4183,10770
9537,11-Jan-17,5,1825,walkin,518,1004,4184,11150
9538,11-Jan-17,2,800,walkin,519,1005,4185,11530
9539,11-Jan-17,3,900,walkin,520,1001,4025,10010
9540,11-Jan-17,2,1400,online,521,1002,4026,10390
9541,12-Jan-17,5,1825,walkin,513,1001,4027,10010
9542,12-Jan-17,2,550,walkin,523,1002,4028,10580
9543,12-Jan-17,3,960,online,524,1003,4029,10960
9544,12-Jan-17,2,800,walkin,525,1004,4030,11340
9545,12-Jan-17,2,600,walkin,520,1005,4012,11720
9546,12-Jan-17,2,600,online,520,1005,4013,11720
9547,12-Jan-17,4,1600,walkin,525,1004,4011,11340
9548,12-Jan-17,3,900,walkin,520,1003,4005,10960
9549,12-Jan-17,2,1400,online,521,1002,4014,10580
9550,12-Jan-17,1,300,walkin,520,1001,4015,10200
9551,12-Jan-17,4,1460,online,513,1002,4014,10580
9552,12-Jan-17,2,550,walkin,523,1003,4185,10960
9553,12-Jan-17,5,1600,online,524,1004,4186,11150
9554,12-Jan-17,2,800,walkin,525,1001,4165,10010
9555,12-Jan-17,6,1800,walkin,520,1005,4166,11530
9556,12-Jan-17,3,900,online,520,1003,4025,10770
9557,12-Jan-17,2,800,online,525,1004,4026,11150
9558,12-Jan-17,5,1500,walkin,520,1005,4027,11530
9559,12-Jan-17,2,1400,walkin,521,1001,4028,10010
9560,12-Jan-17,1,300,walkin,520,1002,4067,10390
9561,13-Jan-17,2,600,online,520,1001,4068,10010
9562,13-Jan-17,5,500,walkin,516,1002,4069,10580
9563,13-Jan-17,2,640,walkin,515,1003,4070,10960
9564,13-Jan-17,3,825,online,510,1004,4071,11340
9565,13-Jan-17,2,600,walkin,511,1005,4072,11720
9566,13-Jan-17,5,1100,walkin,507,1005,4168,11720
9567,13-Jan-17,2,800,online,502,1004,4169,11340
9568,13-Jan-17,3,1200,walkin,525,1003,4170,10960
9569,13-Jan-17,2,600,walkin,520,1002,4171,10580
9570,13-Jan-17,3,2100,online,521,1001,4172,10200
9571,13-Jan-17,2,600,walkin,520,1002,4173,10580
9572,13-Jan-17,5,1500,walkin,520,1003,4174,10770
9573,13-Jan-17,3,300,online,516,1004,4175,11150
9574,13-Jan-17,2,640,walkin,515,1001,4176,10010
9575,13-Jan-17,2,550,online,510,1005,4177,11530
9576,13-Jan-17,1,300,walkin,511,1003,4178,10770
9577,13-Jan-17,4,880,online,507,1004,4179,11340
9578,13-Jan-17,2,600,walkin,520,1005,4180,11720
9579,13-Jan-17,1,100,walkin,516,1001,4181,10200
9580,13-Jan-17,5,1600,walkin,515,1002,4182,10390
9581,14-Jan-17,2,550,online,510,1001,4183,10010
9582,14-Jan-17,3,900,walkin,511,1002,4184,10390
9583,14-Jan-17,2,440,walkin,507,1003,4185,10770
9584,14-Jan-17,5,2000,walkin,502,1004,4025,11150
9585,14-Jan-17,2,800,online,525,1005,4026,11530
9586,14-Jan-17,3,900,walkin,520,1005,4027,11530
9587,14-Jan-17,2,1400,online,521,1004,4028,11150
9588,14-Jan-17,2,600,online,520,1003,4029,10770
9589,14-Jan-17,4,1200,walkin,520,1002,4030,10580
9590,14-Jan-17,2,200,walkin,516,1001,4187,10200
9591,14-Jan-17,1,320,online,515,1002,4188,10580
9592,14-Jan-17,5,1375,walkin,510,1003,4189,10960
9593,14-Jan-17,2,600,online,511,1004,4011,11340
9594,14-Jan-17,3,660,walkin,507,1001,4005,10200
9595,14-Jan-17,2,800,walkin,502,1005,4014,11720
9596,14-Jan-17,5,1495,walkin,509,1003,4015,10960
9597,14-Jan-17,3,1800,walkin,501,1004,4068,11340
9598,14-Jan-17,2,600,online,511,1005,4069,11720
9599,14-Jan-17,2,600,walkin,511,1001,4070,10200
9600,14-Jan-17,1,600,online,501,1002,4071,10390
9601,15-Jan-17,4,800,online,514,1001,4072,10010
9602,15-Jan-17,2,400,walkin,514,1002,4073,10390
9603,15-Jan-17,1,100,walkin,516,1003,4074,10770
9604,15-Jan-17,5,1825,online,513,1004,4075,11150
9605,15-Jan-17,2,730,walkin,518,1005,4076,11530
9606,15-Jan-17,3,1800,online,501,1005,4147,11530
9607,15-Jan-17,2,800,walkin,502,1004,4148,11150
9608,15-Jan-17,5,1500,walkin,504,1003,4149,10770
9609,15-Jan-17,2,1200,online,501,1002,4150,10580
9610,15-Jan-17,3,750,online,506,1001,4151,10200
9611,15-Jan-17,2,500,walkin,506,1002,4152,10580
9612,15-Jan-17,2,440,walkin,507,1003,4153,10770
9613,15-Jan-17,2,800,walkin,502,1004,4154,11150
9614,15-Jan-17,4,1196,online,509,1001,4155,10200
9615,15-Jan-17,2,1200,walkin,501,1005,4156,11530
9616,15-Jan-17,2,600,walkin,511,1003,4157,10770
9617,15-Jan-17,1,300,online,511,1004,4158,11340
9618,15-Jan-17,4,2400,walkin,501,1005,4188,11720
9619,15-Jan-17,2,400,online,514,1001,4189,10200
9620,15-Jan-17,1,200,walkin,514,1002,4011,10580
9621,16-Jan-17,5,500,walkin,516,1001,4005,10200
9622,16-Jan-17,2,730,walkin,513,1002,4014,10390
9623,16-Jan-17,3,1095,online,518,1003,4015,10770
9624,16-Jan-17,2,800,walkin,519,1004,4014,11340
9625,16-Jan-17,5,1500,walkin,520,1005,4015,11720
9626,16-Jan-17,2,1400,online,521,1005,4016,11720
9627,16-Jan-17,3,1095,walkin,513,1004,4017,11340
9628,16-Jan-17,2,550,online,523,1003,4018,10960
9629,16-Jan-17,2,640,walkin,524,1002,4019,10580
9630,16-Jan-17,4,1600,online,525,1001,4020,10200
9631,16-Jan-17,2,600,walkin,520,1002,4021,10580
9632,16-Jan-17,1,300,walkin,520,1003,4022,10960
9633,16-Jan-17,5,2000,online,525,1004,4023,11340
9634,16-Jan-17,2,600,online,520,1001,4024,10200
9635,16-Jan-17,3,2100,walkin,521,1005,4025,11720
9636,16-Jan-17,2,600,walkin,520,1003,4026,10960
9637,16-Jan-17,5,1500,walkin,520,1004,4027,11340
9638,16-Jan-17,3,300,online,516,1005,4028,11720
9639,16-Jan-17,2,640,walkin,515,1001,4029,10200
9640,16-Jan-17,2,550,walkin,510,1002,4030,10390
9641,17-Jan-17,1,300,online,511,1001,4012,10010
9642,17-Jan-17,4,1196,walkin,509,1002,4013,10390
9643,17-Jan-17,2,800,walkin,525,1003,4011,10770
9644,17-Jan-17,1,200,online,514,1004,4005,11150
9645,17-Jan-17,2,550,walkin,523,1005,4014,11530
9646,17-Jan-17,5,3000,walkin,501,1005,4015,11530
9647,17-Jan-17,1,400,online,502,1004,4014,11150
9648,17-Jan-17,3,900,walkin,504,1003,4185,10770
9649,17-Jan-17,2,1200,walkin,501,1002,4186,10580
9650,17-Jan-17,5,1250,online,506,1001,4165,10200
9651,17-Jan-17,1,250,walkin,506,1002,4166,10580
9652,17-Jan-17,4,880,online,507,1003,4025,10960
9653,17-Jan-17,2,800,walkin,502,1004,4026,11340
9654,17-Jan-17,3,897,online,509,1001,4027,10200
9655,17-Jan-17,3,1800,walkin,501,1005,4028,11720
9656,17-Jan-17,4,1200,walkin,520,1003,4067,10960
9657,17-Jan-17,4,2800,walkin,521,1004,4068,11340
9658,17-Jan-17,1,365,online,513,1005,4069,11720
9659,17-Jan-17,2,550,walkin,523,1001,4070,10200
9660,17-Jan-17,5,1600,walkin,524,1002,4071,10390
9661,18-Jan-17,4,1600,walkin,525,1001,4072,10010
9662,18-Jan-17,6,1800,online,520,1002,4073,10390
9663,18-Jan-17,3,900,walkin,520,1003,4074,10770
9664,18-Jan-17,1,400,online,525,1004,4075,11150
9665,18-Jan-17,4,1200,online,520,1005,4076,11530
9666,18-Jan-17,5,3500,walkin,521,1005,4119,11530
9667,18-Jan-17,2,600,walkin,520,1004,4120,11150
9668,18-Jan-17,4,1460,online,513,1003,4121,10770
9669,18-Jan-17,3,825,walkin,523,1002,4122,10580
9670,18-Jan-17,6,1920,online,524,1001,4123,10200
9671,18-Jan-17,2,800,walkin,525,1002,4124,10580
9672,18-Jan-17,1,300,walkin,520,1003,4125,10770
9673,18-Jan-17,4,1200,walkin,520,1004,4126,11150
9674,18-Jan-17,5,2000,walkin,525,1001,4075,10200
9675,18-Jan-17,3,900,online,520,1005,4076,11530
9676,18-Jan-17,2,1400,walkin,521,1003,4077,10770
9677,18-Jan-17,2,600,online,520,1004,4078,11150
9678,18-Jan-17,1,300,online,520,1005,4079,11530
9679,18-Jan-17,4,400,walkin,516,1001,4080,10010
9680,18-Jan-17,2,640,walkin,515,1002,4081,10390
9681,19-Jan-17,1,275,online,510,1001,4082,10200
9682,19-Jan-17,5,1500,walkin,511,1002,4083,10580
9683,19-Jan-17,2,440,online,507,1003,4084,10960
9684,19-Jan-17,3,1200,walkin,502,1004,4085,11340
9685,19-Jan-17,2,800,walkin,525,1005,4003,11720
9686,19-Jan-17,5,1500,online,520,1005,4004,11720
9687,19-Jan-17,2,1400,online,521,1004,4005,11340
9688,19-Jan-17,3,900,walkin,520,1003,4005,10960
9689,19-Jan-17,2,600,walkin,520,1002,4006,10580
9690,19-Jan-17,2,200,walkin,516,1001,4006,10200
9691,19-Jan-17,2,640,walkin,515,1002,4007,10580
9692,19-Jan-17,4,1100,online,510,1003,4008,10770
9693,19-Jan-17,3,900,walkin,511,1004,4127,11150
9694,19-Jan-17,2,440,walkin,507,1001,4128,10010
9695,19-Jan-17,1,300,walkin,520,1005,4129,11530
9696,19-Jan-17,4,400,walkin,516,1003,4130,10770
9697,19-Jan-17,2,640,online,515,1004,4131,11150
9698,19-Jan-17,5,1375,walkin,510,1005,4132,11530
9699,19-Jan-17,2,600,walkin,511,1001,4133,10010
9700,19-Jan-17,6,1320,online,507,1002,4134,10390
9701,20-Jan-17,3,1200,walkin,502,1001,4135,10200
9702,20-Jan-17,2,800,walkin,525,1002,4136,10580
9703,20-Jan-17,4,1200,online,520,1003,4137,10960
9704,20-Jan-17,5,3500,online,521,1004,4138,11340
9705,20-Jan-17,3,900,walkin,520,1005,4139,11720
9706,20-Jan-17,2,600,walkin,520,1005,4140,11720
9707,20-Jan-17,1,100,online,516,1004,4141,11340
9708,20-Jan-17,2,640,walkin,515,1003,4142,10960
9709,20-Jan-17,3,825,walkin,510,1002,4143,10580
9710,20-Jan-17,1,300,online,511,1001,4144,10200
9711,20-Jan-17,3,660,walkin,507,1002,4145,10390
9712,20-Jan-17,4,1600,online,502,1003,4146,10770
9713,20-Jan-17,2,598,walkin,509,1004,4059,11150
9714,20-Jan-17,1,600,online,501,1001,4060,10010
9715,20-Jan-17,3,900,walkin,511,1005,4061,11530
9716,20-Jan-17,1,300,walkin,511,1003,4062,10960
9717,20-Jan-17,3,1800,online,501,1004,4063,11340
9718,20-Jan-17,4,800,online,514,1005,4064,11720
9719,20-Jan-17,5,1000,walkin,514,1001,4065,10010
9720,20-Jan-17,1,100,walkin,516,1002,4066,10390
9721,21-Jan-17,2,730,walkin,513,1001,4015,10010
9722,21-Jan-17,5,1825,online,518,1002,4025,10390
9723,21-Jan-17,1,600,walkin,501,1003,4026,10770
9724,21-Jan-17,3,1200,walkin,502,1004,4027,11150
9725,21-Jan-17,2,600,online,504,1005,4028,11530
9726,21-Jan-17,5,3000,walkin,501,1005,4029,11530
9727,21-Jan-17,1,250,walkin,506,1004,4028,11150
9728,21-Jan-17,4,1000,online,506,1003,4030,10960
9729,21-Jan-17,2,440,walkin,507,1002,4031,10580
9730,21-Jan-17,3,1200,walkin,502,1001,4032,10200
9731,21-Jan-17,3,897,online,509,1002,4033,10580
9732,21-Jan-17,4,2400,walkin,501,1003,4034,10960
9733,21-Jan-17,4,1200,walkin,511,1004,4035,11150
9734,21-Jan-17,1,300,online,511,1001,4036,10010
9735,21-Jan-17,2,1200,walkin,501,1005,4037,11720
9736,21-Jan-17,5,1000,online,514,1003,4038,10770
9737,21-Jan-17,3,600,walkin,514,1004,4039,11150
9738,21-Jan-17,4,400,online,516,1005,4040,11530
9739,21-Jan-17,2,730,walkin,513,1001,4041,10010
9740,21-Jan-17,1,365,walkin,518,1002,4042,10390
9741,22-Jan-17,3,1200,walkin,519,1001,4043,10010
9742,22-Jan-17,1,300,online,520,1002,4044,10580
9743,22-Jan-17,3,2100,walkin,521,1003,4045,10960
9744,22-Jan-17,4,1460,walkin,513,1004,4046,11340
9745,22-Jan-17,5,1375,walkin,523,1005,4047,11720
9746,22-Jan-17,1,320,online,524,1005,4048,11720
9747,22-Jan-17,2,800,walkin,525,1004,4049,11340
9748,22-Jan-17,5,1500,online,520,1003,4050,10960
9749,22-Jan-17,1,300,online,520,1002,4061,10580
